40
VÂLCEA
MUNICIPIUL RÂMNICU VÂLCEA
1
100092
51294
47553
3394
347
50187
1107
110192
58898
195
18951
1400
17084
185
2522
46
555
222
31
1940
481
4760
1815
40
VÂLCEA
MUNICIPIUL DRĂGĂŞANI
1
17836
8338
7694
643
1
8162
176
19654
11316
36
2478
404
3895
17
330
16
62
18
4
187
50
406
259
40
VÂLCEA
ORAŞ BĂBENI
1
7665
4091
3631
460
0
3975
116
8448
4357
16
1354
160
1890
5
154
5
8
10
9
38
21
197
108
40
VÂLCEA
ORAŞ BĂILE GOVORA
1
2540
2082
1510
536
36
2037
45
2793
711
6
861
56
791
6
51
3
9
2
4
28
12
143
65
40
VÂLCEA
ORAŞ BĂILE OLĂNEŞTI
1
3865
3248
2198
1046
4
3170
78
4253
1005
10
861
103
1621
8
139
2
33
15
2
53
11
205
107
40
VÂLCEA
ORAŞ BĂLCEŞTI
1
4350
2398
2049
318
31
2355
43
4774
2376
13
625
93
1368
5
68
2
10
6
2
17
12
71
63
40
VÂLCEA
ORAŞ BERBEŞTI
1
4604
2194
2065
129
0
2128
66
5072
2878
15
906
63
869
0
62
2
10
5
3
9
11
111
62
40
VÂLCEA
ORAŞ BREZOI
1
5841
2908
2608
299
1
2844
64
6432
3524
25
1114
125
1081
10
169
0
11
4
7
50
15
126
107
40
VÂLCEA
ORAŞ CĂLIMĂNEŞTI
1
7476
5131
3728
1403
0
5020
111
8570
3439
28
2092
148
1944
6
213
6
50
14
5
104
27
246
137
40
VÂLCEA
ORAŞ HOREZU
1
5888
3524
3227
293
4
3398
126
6511
2987
15
1378
92
1334
7
108
3
32
8
2
41
20
246
112
40
VÂLCEA
ORAŞ OCNELE MARI
1
2887
1768
1512
253
3
1712
56
3180
1412
8
531
49
795
3
56
2
9
7
0
22
14
162
54
40
VÂLCEA
ALUNU
3
3575
1472
1357
115
0
1452
20
3933
2461
11
563
33
678
4
36
2
2
5
3
10
11
46
48
40
VÂLCEA
AMĂRĂŞTI
3
1600
823
724
99
0
794
29
1760
937
2
258
32
426
2
18
2
6
4
2
3
6
15
18
40
VÂLCEA
BĂRBĂTEŞTI
3
2942
1669
1498
171
0
1615
54
3236
1567
11
418
74
906
4
69
1
9
7
2
18
9
43
44
40
VÂLCEA
BERISLĂVEŞTI
3
2293
1375
1252
122
1
1354
21
2524
1149
12
581
34
640
2
33
0
3
2
2
3
8
8
26
40
VÂLCEA
BOIŞOARA
3
1109
517
449
68
0
507
10
1220
703
15
307
12
81
0
12
0
2
1
3
2
2
57
13
40
VÂLCEA
BUDEŞTI
3
4895
2639
2366
273
0
2565
74
5398
2759
19
1133
102
867
12
114
7
18
11
3
39
28
124
88
40
VÂLCEA
BUJORENI
3
3704
2058
1729
329
0
2002
56
4090
2032
17
778
87
691
3
121
3
18
10
4
49
13
135
73
40
VÂLCEA
BUNEŞTI
3
2290
1324
1202
122
0
1297
27
2511
1187
8
268
55
775
4
32
1
8
5
2
10
7
58
64
40
VÂLCEA
CERNIŞOARA
3
3073
1939
1766
173
0
1884
55
3391
1452
28
435
70
1182
5
53
4
2
0
0
12
17
41
35
40
VÂLCEA
CÎINENI
3
1860
1117
882
235
0
1090
27
2050
933
17
596
47
332
3
30
2
3
4
4
5
2
18
27
40
VÂLCEA
COPĂCENI
3
2264
1076
967
109
0
1045
31
2490
1414
10
290
38
597
2
45
2
2
1
1
12
3
16
26
40
VÂLCEA
COSTEŞTI
3
2766
1701
1550
138
13
1653
48
3056
1355
8
400
73
919
5
58
4
7
0
2
28
13
80
56
40
VÂLCEA
CREŢENI
3
1930
1105
966
139
0
1080
25
2122
1017
5
293
49
593
0
41
2
11
2
0
18
9
26
31
40
VÂLCEA
DĂEŞTI
3
2461
1631
1385
246
0
1596
35
2692
1061
15
895
47
457
7
40
1
3
2
4
22
14
36
53
40
VÂLCEA
DĂNICEI
3
1766
1124
908
216
0
1100
24
1946
822
4
200
44
683
1
46
0
3
3
1
3
76
13
23
40
VÂLCEA
DICULEŞTI
3
1567
985
910
75
0
962
23
1727
742
3
272
48
583
2
12
2
1
0
0
1
0
15
23
40
VÂLCEA
DRĂGOEŞTI
3
1750
1045
901
144
0
1017
28
1930
885
7
260
42
617
2
27
0
1
1
1
6
6
20
27
40
VÂLCEA
FĂUREŞTI
3
1201
704
622
82
0
686
18
1308
604
5
261
15
332
0
21
0
0
4
1
8
1
13
25
40
VÂLCEA
FÎRTĂŢEŞTI
3
3234
1842
1551
282
9
1812
30
3548
1706
9
341
67
1251
2
51
2
7
0
3
9
6
35
29
40
VÂLCEA
FRÎNCEŞTI
3
4368
2215
1970
245
0
2162
53
4807
2592
11
539
113
1237
3
63
1
6
2
3
18
9
95
62
40
VÂLCEA
GALICEA
3
3323
1999
1695
301
3
1960
39
3638
1639
54
682
77
924
4
39
4
6
2
4
23
13
73
55
40
VÂLCEA
GHIOROIU
3
1335
816
623
193
0
783
33
1461
645
9
245
59
385
2
31
0
4
1
0
7
5
14
21
40
VÂLCEA
GLĂVILE
3
1722
959
792
167
0
934
25
1890
931
8
240
42
478
3
28
2
2
0
1
2
31
65
32
40
VÂLCEA
GOLEŞTI
3
2188
1234
1075
159
0
1205
29
2397
1163
7
406
55
522
1
60
3
2
3
0
11
12
85
38
40
VÂLCEA
GRĂDIŞTEA
3
2227
1084
937
147
0
1062
22
2448
1364
16
515
44
389
2
21
2
6
1
0
3
5
23
35
40
VÂLCEA
GUŞOENI
3
1306
777
685
92
0
765
12
1443
666
4
167
39
479
1
20
0
5
3
1
8
2
16
20
40
VÂLCEA
IONEŞTI
3
3491
1696
1449
247
0
1666
30
3870
2174
10
458
70
931
6
69
2
8
3
1
5
6
54
43
40
VÂLCEA
LĂCUSTENI
3
1166
712
624
88
0
689
23
1282
570
4
186
29
380
1
36
0
2
0
0
0
2
25
24
40
VÂLCEA
LĂDEŞTI
3
1516
1142
826
287
29
1129
13
1660
518
3
416
37
577
0
20
1
1
1
1
7
11
32
22
40
VÂLCEA
LALOŞU
3
1896
872
753
119
0
844
28
2101
1229
16
291
41
392
0
37
1
4
3
1
3
7
19
29
40
VÂLCEA
LĂPUŞATA
3
1774
1046
859
187
0
1023
23
1950
904
12
406
32
469
2
21
0
4
1
0
2
7
34
33
40
VÂLCEA
LIVEZI
3
1923
901
772
129
0
885
16
2101
1200
4
243
44
516
2
14
1
3
3
2
7
9
20
17
40
VÂLCEA
LUNGEŞTI
3
2623
1488
1223
243
22
1449
39
2859
1371
9
427
43
793
4
43
1
4
5
0
10
5
78
27
40
VÂLCEA
MĂCIUCA
3
1542
1161
843
318
0
1144
17
1700
539
3
592
34
420
2
22
1
3
3
1
8
9
18
28
40
VÂLCEA
MĂDULARI
3
1239
784
691
93
0
770
14
1366
582
3
242
44
457
1
4
1
0
1
3
1
4
5
4
40
VÂLCEA
MALAIA
3
1541
985
850
135
0
970
15
1700
715
10
418
24
348
2
67
0
2
3
1
4
9
50
32
40
VÂLCEA
MĂLDĂREŞTI
3
1697
1036
935
101
0
1013
23
1869
833
6
332
39
525
3
34
1
1
0
3
8
3
32
26
40
VÂLCEA
MATEEŞTI
3
2587
1461
1335
119
7
1434
27
2843
1382
5
415
43
771
1
50
0
4
2
3
10
3
30
97
40
VÂLCEA
MIHĂEŞTI
3
5562
3122
2797
325
0
3048
74
6140
3018
16
981
153
1429
9
90
3
18
8
3
30
23
161
124
40
VÂLCEA
MILCOIU
3
1052
688
520
147
21
663
25
1166
478
6
232
29
301
5
22
2
2
4
1
9
9
24
17
40
VÂLCEA
MITROFANI
3
825
494
440
54
0
483
11
900
406
5
197
32
139
0
5
3
0
2
2
6
5
78
9
40
VÂLCEA
MUEREASCA
3
2133
1065
962
102
1
1035
30
2370
1305
8
500
51
327
1
45
1
0
3
3
5
5
55
31
40
VÂLCEA
NICOLAE BĂLCESCU
3
2883
1786
1495
289
2
1733
53
3157
1371
16
355
68
1020
0
98
0
4
2
0
15
18
103
34
40
VÂLCEA
OLANU
3
2549
1523
1309
214
0
1496
27
2800
1277
4
601
73
636
8
60
2
2
4
4
6
12
40
44
40
VÂLCEA
ORLEŞTI
3
2480
1550
1333
136
81
1506
44
2720
1170
9
660
52
635
2
29
2
1
2
6
15
9
49
35
40
VÂLCEA
OTEŞANI
3
2338
1306
1196
108
2
1266
40
2570
1264
10
531
61
550
2
26
0
2
3
3
5
8
38
27
40
VÂLCEA
PĂUŞEŞTI
3
2288
1502
1333
169
0
1463
39
2516
1014
13
313
42
557
8
48
0
2
5
0
6
14
400
55
40
VÂLCEA
PĂUSEŞTI- MĂGLAŞI
3
3250
1836
1628
208
0
1769
67
3570
1734
14
636
74
627
2
99
1
12
8
4
32
32
161
67
40
VÂLCEA
PERIŞANI
3
1809
1128
972
156
0
1105
23
1989
861
9
638
27
351
2
17
1
3
3
0
1
3
30
20
40
VÂLCEA
PESCEANA
3
1444
810
704
106
0
797
13
1590
780
5
165
49
497
1
26
2
1
0
1
12
2
16
20
40
VÂLCEA
PIETRARI
3
2568
1511
1375
135
1
1455
56
2835
1324
13
487
60
628
7
56
2
10
4
1
22
10
83
72
40
VÂLCEA
POPEŞTI
3
2537
1518
1301
217
0
1482
36
2789
1271
8
487
28
812
1
36
0
5
2
3
10
9
42
39
40
VÂLCEA
PRUNDENI
3
3646
1971
1828
128
15
1924
47
4010
2039
7
400
86
1205
4
71
3
7
4
2
18
8
67
42
40
VÂLCEA
RACOVIŢA
3
1365
788
636
152
0
772
16
1506
718
7
441
44
203
3
23
1
1
3
0
1
3
24
18
40
VÂLCEA
ROEŞTI
3
1764
922
807
115
0
897
25
1944
1022
8
258
26
490
2
33
2
5
1
2
2
9
29
30
40
VÂLCEA
ROŞIILE
3
2150
1100
904
196
0
1058
42
2270
1170
13
273
80
552
2
18
2
2
2
0
4
11
61
38
40
VÂLCEA
RUNCU
3
835
496
410
86
0
483
13
930
434
8
185
29
183
2
22
0
0
3
0
10
2
23
16
40
VÂLCEA
SĂLĂTRUCEL
3
1773
912
818
94
0
884
28
1950
1038
11
446
23
263
6
55
1
5
0
1
8
8
31
26
40
VÂLCEA
SCUNDU
3
1709
1104
960
122
22
1084
20
1888
784
6
199
27
793
1
17
1
0
3
0
1
6
13
17
40
VÂLCEA
SINEŞTI
3
2054
1017
932
85
0
993
24
2262
1245
3
390
18
444
5
25
0
8
4
6
6
11
56
17
40
VÂLCEA
ŞIRINEASA
3
1963
1137
1027
110
0
1108
29
2160
1023
7
319
37
589
0
42
2
1
0
1
7
6
51
46
40
VÂLCEA
SLĂTIOARA
3
2849
1588
1379
206
3
1551
37
3140
1552
8
316
45
1020
2
48
2
5
0
3
4
7
38
53
40
VÂLCEA
STĂNEŞTI
3
1003
665
542
123
0
638
27
1113
448
3
272
18
289
2
12
1
0
1
1
2
3
17
17
40
VÂLCEA
ŞTEFĂNEŞTI
3
2812
1709
1473
228
8
1670
39
3090
1381
1
323
88
927
4
148
2
4
2
0
8
8
126
29
40
VÂLCEA
STOENEŞTI
3
2988
1820
1577
243
0
1779
41
3287
1467
37
364
77
1017
3
122
8
4
1
1
20
4
60
61
40
VÂLCEA
STOILEŞTI
3
3212
1701
1512
188
1
1660
41
3540
1839
5
564
65
888
5
34
3
3
2
5
6
10
22
48
40
VÂLCEA
STROEŞTI
3
2379
1281
1139
142
0
1245
36
2611
1330
19
284
69
667
6
69
2
1
6
6
7
5
63
41
40
VÂLCEA
ŞUŞANI
3
2727
1572
1285
287
0
1537
35
2999
1427
12
361
82
950
2
34
4
8
0
3
5
8
27
41
40
VÂLCEA
SUTEŞTI
3
1881
932
819
112
1
896
33
2070
1138
5
313
41
414
2
20
4
7
1
0
8
3
51
27
40
VÂLCEA
TETOIU
3
2099
1148
937
209
2
1099
49
2320
1172
5
329
47
598
1
40
2
5
3
2
5
4
22
36
40
VÂLCEA
TITEŞTI
3
691
521
394
116
11
506
15
759
238
6
314
11
130
3
15
2
1
4
1
3
2
7
7
40
VÂLCEA
TOMŞANI
3
3243
2101
1897
204
0
2045
56
3575
1474
17
510
60
1200
9
71
1
8
6
0
16
14
53
80
40
VÂLCEA
VAIDEENI
3
3363
1863
1688
175
0
1806
57
3709
1846
14
699
43
858
3
62
0
5
3
1
15
6
57
40
40
VÂLCEA
VALEA MARE
3
2244
1285
1100
185
0
1255
30
2460
1175
13
430
39
671
3
13
4
7
1
1
9
6
35
23
40
VÂLCEA
VLĂDEŞTI
3
2507
1596
1439
157
0
1561
35
2762
1166
10
552
67
611
7
89
2
15
9
1
27
8
116
47
40
VÂLCEA
VOICEŞTI
3
1301
820
745
75
0
799
21
1430
610
2
189
36
504
2
27
0
0
3
3
1
4
8
20
40
VÂLCEA
VOINEASA
3
1411
925
787
138
0
910
15
1558
633
8
256
18
274
4
277
1
5
2
0
5
3
46
11
40
VÂLCEA
ZĂTRENI
3
1987
1114
888
226
0
1077
37
2165
1051
8
290
59
566
2
57
1
4
1
5
8
9
36
31
